{
	"meta": {
		"createdBy": "Area Learning - AR.js 1.7.7",
		"createdAt": "2019-08-15T00:48:41.787Z"
	},
	"trackingBackend": "artoolkit",
	"subMarkersControls": [
		{
			"parameters": {
				"type": "pattern",
				"patternUrl": "https://jeromeetienne.github.io/AR.js/three.js/examples/marker-training/examples/pattern-files/pattern-letterA.patt"
			},
			"poseMatrix": [
				1,
				0,
				0,
				0,
				0,
				1,
				0,
				0,
				0,
				0,
				1,
				0,
				0,
				0,
				0,
				1
			]
		},
		{
			"parameters": {
				"type": "pattern",
				"patternUrl": "https://jeromeetienne.github.io/AR.js/three.js/examples/marker-training/examples/pattern-files/pattern-letterB.patt"
			},
			"poseMatrix": [
				0.9839760553240128,
				0.1781981963447619,
				-0.006035619509036249,
				0,
				-0.17813223133488565,
				0.9839543993119341,
				0.010119406495842828,
				0,
				0.007742033960573074,
				-0.00888211344861637,
				0.9999307125558421,
				0,
				3.838874854551828,
				0.4499743369712883,
				0.01176243684552885,
				0.9999999999999998
			]
		},
		{
			"parameters": {
				"type": "pattern",
				"patternUrl": "https://jeromeetienne.github.io/AR.js/three.js/examples/marker-training/examples/pattern-files/pattern-letterC.patt"
			},
			"poseMatrix": [
				0.9998155592751647,
				-0.018688539010026366,
				0.00441485680451299,
				0,
				0.019186318570805893,
				0.9817524547619383,
				-0.18919214556855565,
				0,
				-0.0007985718126408196,
				0.18924193165327652,
				0.981930161744917,
				0,
				-2573.320333867633,
				-5697.509266340364,
				949.5457472642137,
				1
			]
		},
		{
			"parameters": {
				"type": "pattern",
				"patternUrl": "https://jeromeetienne.github.io/AR.js/three.js/examples/marker-training/examples/pattern-files/pattern-letterD.patt"
			},
			"poseMatrix": [
				0.9867613380399815,
				0.16216865609991407,
				0.0017902564854243347,
				0,
				-0.16057672167523282,
				0.9785034339629378,
				-0.1294065626767131,
				0,
				-0.022737457224956126,
				0.12740591346296282,
				0.9915900999753375,
				0,
				3.688448331423356,
				0.5347274638246365,
				3.8081287891818034,
				1
			]
		}
	]
}