{
	"meta": {
		"createdBy": "Area Learning - AR.js 1.7.7",
		"createdAt": "2019-08-14T09:25:45.521Z"
	},
	"trackingBackend": "artoolkit",
	"subMarkersControls": [
		{
			"parameters": {
				"type": "pattern",
				"patternUrl": "https://jeromeetienne.github.io/AR.js/three.js/examples/marker-training/examples/pattern-files/pattern-letterA.patt"
			},
			"poseMatrix": [
				1,
				0,
				0,
				0,
				0,
				1,
				0,
				0,
				0,
				0,
				1,
				0,
				0,
				0,
				0,
				1
			]
		},
		{
			"parameters": {
				"type": "pattern",
				"patternUrl": "https://jeromeetienne.github.io/AR.js/three.js/examples/marker-training/examples/pattern-files/pattern-letterB.patt"
			},
			"poseMatrix": [
				0.9927300649234034,
				0.11952765446680202,
				-0.0141285700816444,
				0,
				-0.12001715663113949,
				0.991911318063993,
				-0.04132545687716829,
				0,
				0.009074752040589938,
				0.04272070945649451,
				0.9990457505608954,
				0,
				4.716180527010868,
				0.01094445834974366,
				-0.038363825231477015,
				1
			]
		},
		{
			"parameters": {
				"type": "pattern",
				"patternUrl": "https://jeromeetienne.github.io/AR.js/three.js/examples/marker-training/examples/pattern-files/pattern-letterC.patt"
			},
			"poseMatrix": [
				0.9964510027019572,
				-0.0758992352677449,
				0.03639512897544928,
				0,
				0.08050036113625013,
				0.9856221078921318,
				-0.14855650574009976,
				0,
				-0.024596507985771014,
				0.1509590932371585,
				0.9882342003140292,
				0,
				-0.13474478414257346,
				0.296931436282335,
				4.771444567285325,
				1.0000000000000002
			]
		},
		{
			"parameters": {
				"type": "pattern",
				"patternUrl": "https://jeromeetienne.github.io/AR.js/three.js/examples/marker-training/examples/pattern-files/pattern-letterD.patt"
			},
			"poseMatrix": [
				0.910814418062768,
				0.4077007335518417,
				-0.06478479156405809,
				0,
				-0.4100717178145944,
				0.875484153195346,
				-0.25567276442743836,
				0,
				-0.047519912445111466,
				0.2594368364578384,
				0.9645903184770269,
				0,
				4.53163764126167,
				0.9634801450901005,
				4.712783563935681,
				1
			]
		}
	]
}