{
	"meta": {
		"createdBy": "Area Learning - AR.js 1.7.7",
		"createdAt": "2019-08-14T12:04:39.358Z"
	},
	"trackingBackend": "artoolkit",
	"subMarkersControls": [
		{
			"parameters": {
				"type": "pattern",
				"patternUrl": "https://jeromeetienne.github.io/AR.js/three.js/examples/marker-training/examples/pattern-files/pattern-letterA.patt"
			},
			"poseMatrix": [
				1,
				0,
				0,
				0,
				0,
				1,
				0,
				0,
				0,
				0,
				1,
				0,
				0,
				0,
				0,
				1
			]
		},
		{
			"parameters": {
				"type": "pattern",
				"patternUrl": "https://jeromeetienne.github.io/AR.js/three.js/examples/marker-training/examples/pattern-files/pattern-letterB.patt"
			},
			"poseMatrix": [
				0.9865105308394128,
				0.16332031609529787,
				-0.011102154230383897,
				0,
				-0.16350337985034766,
				0.9797738237257866,
				-0.11536753832675774,
				0,
				-0.007964262857240301,
				0.11562652771197242,
				0.993260835303904,
				0,
				4.6488278280889,
				0.3873402286044944,
				0.051149728204506195,
				1
			]
		},
		{
			"parameters": {
				"type": "pattern",
				"patternUrl": "https://jeromeetienne.github.io/AR.js/three.js/examples/marker-training/examples/pattern-files/pattern-letterC.patt"
			},
			"poseMatrix": [
				0.9906942031953785,
				-0.12681054132686742,
				0.04943626906366337,
				0,
				0.13524797145219347,
				0.8764929902623401,
				-0.46202587732499373,
				0,
				0.015259209894987876,
				0.4644125954302901,
				0.8854873594788966,
				0,
				0.11438623869882573,
				0.8186671030657496,
				4.606101828541806,
				1
			]
		},
		{
			"parameters": {
				"type": "pattern",
				"patternUrl": "https://jeromeetienne.github.io/AR.js/three.js/examples/marker-training/examples/pattern-files/pattern-letterD.patt"
			},
			"poseMatrix": [
				0.9263490826289069,
				0.35605168470222276,
				-0.12290025051225399,
				0,
				-0.3739513739196931,
				0.8302384855965609,
				-0.413357459790519,
				0,
				-0.04514010211569544,
				0.4288720719532957,
				0.9022366761011041,
				0,
				4.566236161289123,
				0.9820006673981349,
				4.425804521648493,
				1.0000000000000002
			]
		}
	]
}